dp1                    7.69827 7.69289 7.67392 7.60441 7.54067 7.39899 7.19878 6.85705 6.13021 5.35296 
fsdp2                  7.69883 7.69801 7.70005 7.61676 7.53429 7.42179 7.24580 6.88431 6.38903 5.50735 
pp2                    7.70316 7.69099 7.68393 7.62721 7.55041 7.42392 7.24637 6.92817 6.30139 5.53063 
cp2                    7.70116 7.71964 7.68079 7.63141 7.54940 7.42569 7.23564 6.89572 6.28416 5.51992 
tp2                    7.71995 7.72298 7.69589 7.65724 7.55978 7.43126 7.26407 6.93900 6.34618 5.58669 
fsdp2_tp2_pp2          7.71848 7.69803 7.68536 7.60889 7.54259 7.43802 7.25529 6.91167 6.38249 5.50759 
fsdp2_tp2_cp2          7.70269 7.68031 7.68590 7.63403 7.53508 7.40517 7.23179 6.88068 6.37915 5.49596 
tp2_pp2_cp2            7.70745 7.72160 7.68244 7.63475 7.54461 7.41014 7.23647 6.90022 6.28760 5.50653 
fsdp2_pp2_cp2          7.70943 7.71007 7.68412 7.62983 7.52767 7.42807 7.24636 6.89289 6.39772 5.51918 
ep2_fsdp2              7.69883 7.70051 7.68976 7.63170 7.53801 7.41943 7.25781 6.88667 6.36743 5.50152 
ep2_fsdp2_tp2_pp2      7.71173 7.71348 7.68440 7.65242 7.53315 7.41593 7.26947 6.94068 6.43372 5.57252 
ep2_fsdp2_tp2_cp2      7.71307 7.70658 7.68946 7.66105 7.52567 7.41011 7.25053 6.89252 6.36766 5.48182 
ep2_fsdp2_pp2_cp2      7.71081 7.70084 7.68805 7.62832 7.52949 7.43535 7.24035 6.91539 6.39642 5.51208 
