dp1                    12.05575 11.98981 11.80739 11.45178 10.80365 10.29988 9.87968 9.62890 9.37390 9.09753 8.62459 8.32586 7.98881 7.70399 7.21020 6.89249 6.55401 6.26589 5.75693 5.44927 5.09481 4.86374 4.36819 4.15063 3.81165 3.72496 3.26141 3.15681 2.85930 2.93916 2.57416 2.50386 2.30637 2.51584 2.14388 2.12076 1.91936 2.10749 1.81906 1.85351 1.62055 1.88758 1.52471 1.59602 1.41552 1.58006 1.37209 1.38212 1.21227 1.39091 1.17071 1.20819 1.08707 1.23889 1.02807 1.04673 0.93683 1.10795 0.91169 0.91231 0.83704 0.98787 0.78267 0.80678 0.75335 0.88332 0.69538 0.72359 0.62411 0.78788 0.60136 0.64142 0.56102 0.70921 0.52958 0.55530 0.53574 0.62947 0.47347 0.49942 0.46987 0.57432 0.42652 0.47492 0.40476 0.52955 0.39506 0.43569 0.38425 0.49284 0.36086 0.40867 0.35701 0.47586 0.34776 0.37909 0.33977 0.46161 0.33590 0.37123 
fsdp2                  12.07003 12.00412 11.81542 11.51882 11.02413 10.47358 10.05013 9.74579 9.49841 9.28144 8.82228 8.47109 8.11830 7.88119 7.40618 7.03266 6.66360 6.42266 5.90048 5.53098 5.11126 4.91005 4.43214 4.21744 3.77238 3.75026 3.31300 3.13514 2.87790 2.96948 2.56029 2.55288 2.37680 2.49635 2.12406 2.17607 2.01281 2.11514 1.81070 1.86978 1.76277 1.89190 1.57913 1.64171 1.48710 1.67643 1.46332 1.45372 1.30916 1.49744 1.27042 1.28312 1.13406 1.31929 1.06090 1.07881 0.98244 1.12273 0.91907 0.96957 0.85347 1.00913 0.79436 0.79183 0.75191 0.90489 0.71781 0.72360 0.62112 0.84917 0.65157 0.65010 0.53341 0.76100 0.56217 0.56590 0.46367 0.68188 0.49839 0.54310 0.43141 0.60627 0.45165 0.48862 0.43242 0.55856 0.40793 0.44991 0.40039 0.51021 0.37672 0.42004 0.35893 0.46578 0.34975 0.39626 0.35210 0.44801 0.34174 0.38411 
pp2                    12.04905 12.00033 11.79082 11.41011 10.79231 10.29844 9.91214 9.64015 9.37362 9.08421 8.63708 8.32888 7.98207 7.67411 7.21477 6.89345 6.53037 6.22508 5.74361 5.43813 5.05179 4.78866 4.32237 4.13757 3.82795 3.67796 3.29163 3.16908 2.91241 2.97098 2.59547 2.56057 2.35410 2.48878 2.10127 2.09711 2.01170 2.16278 1.82695 1.80501 1.72049 1.87235 1.56772 1.57403 1.48094 1.67714 1.41829 1.42509 1.27496 1.47136 1.24018 1.21467 1.13326 1.27105 1.10371 1.05368 1.00676 1.15059 0.94054 0.94238 0.88066 0.99000 0.82785 0.81225 0.76917 0.88046 0.73647 0.75303 0.67218 0.80820 0.64160 0.66853 0.63905 0.71598 0.56041 0.58790 0.56405 0.64681 0.48776 0.52649 0.48202 0.57390 0.43517 0.46230 0.44141 0.52069 0.40053 0.42523 0.40511 0.47539 0.37731 0.40426 0.36948 0.46645 0.35142 0.37905 0.35104 0.44531 0.34282 0.37325 
cp2                    12.06936 12.01476 11.80412 11.55423 10.98981 10.48180 10.05186 9.75033 9.49651 9.29017 8.83192 8.48194 8.12711 7.89459 7.42055 7.05534 6.68795 6.43781 5.92467 5.55923 5.17039 4.94470 4.44530 4.20418 3.81163 3.73929 3.30884 3.15246 2.89419 2.89576 2.55585 2.51331 2.30916 2.47594 2.17365 2.08008 1.93564 2.18205 1.87897 1.77444 1.65267 1.84787 1.57510 1.57907 1.43904 1.56966 1.38439 1.38973 1.24794 1.40859 1.15630 1.17899 1.04863 1.23987 1.03086 1.02823 0.95655 1.08637 0.94954 0.90667 0.80204 0.98081 0.78898 0.79821 0.66748 0.83302 0.68010 0.65964 0.60337 0.75182 0.60592 0.61131 0.53003 0.66721 0.54027 0.56488 0.43984 0.61607 0.49713 0.51023 0.40913 0.56547 0.45327 0.46497 0.38528 0.50416 0.40821 0.40087 0.33882 0.46008 0.37311 0.36638 0.32326 0.43270 0.34750 0.35597 0.31129 0.41814 0.33808 0.34736 
tp2                    12.05239 12.01448 11.83360 11.50143 10.95646 10.45971 10.04078 9.74345 9.47703 9.25996 8.79584 8.44648 8.10276 7.86663 7.37799 7.01446 6.64316 6.40250 5.87466 5.51038 5.07702 4.88312 4.38596 4.12348 3.74603 3.68963 3.25818 3.06233 2.77843 2.90288 2.46454 2.44843 2.32403 2.47723 2.06612 2.06087 1.90266 2.06442 1.75634 1.77002 1.67038 1.85463 1.55198 1.59139 1.48524 1.61044 1.37166 1.38710 1.26212 1.42770 1.14106 1.19991 1.08666 1.23201 1.00994 1.06973 0.92556 1.07845 0.84078 0.90991 0.78591 0.92498 0.77117 0.77316 0.68705 0.83689 0.68465 0.70176 0.61700 0.73301 0.59429 0.61686 0.52267 0.67793 0.55103 0.55750 0.45922 0.60771 0.49738 0.51736 0.43455 0.53827 0.44609 0.45811 0.39593 0.50175 0.38780 0.43055 0.37470 0.46835 0.37016 0.40672 0.34858 0.45343 0.33817 0.38146 0.34331 0.43552 0.34005 0.37299 
fsdp2_tp2_pp2          12.05729 11.96100 11.73580 11.29243 10.56467 10.20289 9.78891 9.52152 9.25874 8.99279 8.50662 8.18567 7.86170 7.59078 7.07825 6.73853 6.39525 6.11606 5.59584 5.27028 4.92182 4.69777 4.18846 3.95382 3.68773 3.61548 3.14441 3.08787 2.88938 2.94595 2.52612 2.51930 2.40862 2.59755 2.19393 2.15726 1.96967 2.26019 1.87408 1.87327 1.71386 2.00111 1.61861 1.64036 1.47792 1.68289 1.41941 1.41285 1.31139 1.49043 1.22266 1.23158 1.08338 1.32909 1.00601 1.05427 0.93108 1.13297 0.92094 0.92981 0.80105 1.00471 0.80276 0.83347 0.70212 0.89200 0.68302 0.71906 0.61903 0.76683 0.58205 0.62407 0.54409 0.67365 0.50403 0.55105 0.49710 0.62886 0.46320 0.49843 0.44706 0.55847 0.41560 0.44965 0.41288 0.49079 0.36117 0.39450 0.36204 0.47576 0.34133 0.36939 0.33749 0.45320 0.32358 0.35251 0.32511 0.43186 0.31579 0.34810 
fsdp2_tp2_cp2          12.04102 11.97096 11.80344 11.50876 10.92197 10.43403 10.00851 9.71908 9.44808 9.22124 8.76221 8.41484 8.05737 7.82344 7.33569 6.97840 6.60033 6.35488 5.82974 5.46740 5.02914 4.83439 4.32407 4.05689 3.68571 3.67977 3.21213 3.04567 2.81856 2.87002 2.56159 2.42061 2.24252 2.42385 2.14090 2.07111 1.90783 2.06650 1.77428 1.74453 1.62539 1.83916 1.58279 1.63041 1.40145 1.61405 1.38047 1.45392 1.21490 1.44435 1.24489 1.26976 1.08170 1.28779 1.10085 1.08047 0.93156 1.11264 0.94187 0.97465 0.81590 0.98011 0.88022 0.86692 0.69534 0.88215 0.74834 0.76956 0.64537 0.82002 0.65304 0.66436 0.55316 0.74676 0.59443 0.61840 0.54167 0.68961 0.54439 0.54727 0.49467 0.62191 0.50146 0.48641 0.42777 0.55226 0.45747 0.44279 0.38825 0.50062 0.42341 0.43342 0.35929 0.47285 0.39188 0.40038 0.34625 0.46300 0.37708 0.39448 
tp2_pp2_cp2            12.04419 11.93646 11.72113 11.31346 10.57526 10.21768 9.79885 9.52409 9.27184 9.00124 8.52014 8.19239 7.87347 7.59440 7.09128 6.73640 6.40494 6.14359 5.62537 5.26810 4.94815 4.72393 4.25142 3.99364 3.69610 3.64144 3.24797 3.06934 2.87772 2.89784 2.61094 2.42841 2.37848 2.44369 2.16925 2.09849 1.99073 2.09961 1.84475 1.79216 1.68589 1.82666 1.60690 1.60210 1.43483 1.59740 1.41465 1.33538 1.24976 1.36390 1.20953 1.23524 1.06734 1.27337 1.06115 1.07449 0.98168 1.20444 0.97773 0.95277 0.85557 0.99255 0.90822 0.86533 0.74715 0.89107 0.75377 0.74447 0.68836 0.79874 0.64950 0.67140 0.63009 0.69731 0.57287 0.58034 0.55141 0.63010 0.51479 0.52683 0.46621 0.56133 0.45756 0.46652 0.42098 0.50474 0.40604 0.42036 0.40010 0.45618 0.37122 0.40851 0.34930 0.43143 0.34641 0.38952 0.33421 0.42273 0.33864 0.37996 
fsdp2_pp2_cp2          12.07969 11.98816 11.75726 11.37291 10.70180 10.25871 9.83465 9.57443 9.31628 9.05361 8.56858 8.23992 7.92866 7.65220 7.14742 6.80129 6.47530 6.18493 5.65862 5.32334 4.95966 4.75238 4.20790 3.99605 3.70476 3.61480 3.21885 3.05754 2.90806 2.93007 2.59057 2.45028 2.30569 2.51302 2.10346 2.07357 1.93765 2.20008 1.80288 1.77155 1.59274 1.84845 1.53027 1.55871 1.43854 1.63062 1.35972 1.36708 1.20516 1.43364 1.14459 1.16341 1.04879 1.30331 0.96398 1.05037 0.89777 1.12394 0.85551 0.88351 0.75713 0.96862 0.79108 0.81158 0.68122 0.86521 0.69077 0.73741 0.57410 0.75577 0.60072 0.61824 0.52487 0.67705 0.53225 0.55425 0.48709 0.61281 0.46751 0.50403 0.41366 0.54774 0.43681 0.45779 0.36697 0.50299 0.38075 0.40419 0.33184 0.46713 0.35616 0.38119 0.32534 0.44072 0.33246 0.36430 0.31730 0.42538 0.32230 0.35862 
ep2_fsdp2              12.07003 12.00365 11.83881 11.53718 11.03220 10.47552 10.04681 9.74251 9.49033 9.27297 8.81509 8.45940 8.10721 7.87043 7.38192 7.00767 6.62919 6.38091 5.86488 5.48162 5.05304 4.86730 4.40081 4.17290 3.74634 3.76282 3.29347 3.17040 2.90044 2.95825 2.59435 2.56293 2.43329 2.51597 2.15295 2.20929 2.07455 2.14761 1.86783 1.83129 1.71229 1.88167 1.56917 1.56942 1.53523 1.65585 1.35133 1.36871 1.26758 1.44065 1.25561 1.25835 1.11845 1.25093 1.09699 1.09199 0.96927 1.14878 0.91257 0.92385 0.79584 0.99752 0.80958 0.79483 0.69020 0.89892 0.70988 0.73757 0.59284 0.84191 0.61435 0.66594 0.57063 0.73632 0.56345 0.59499 0.52273 0.66323 0.50076 0.52960 0.46682 0.58598 0.45998 0.48577 0.42823 0.53200 0.40736 0.44466 0.37808 0.49715 0.36924 0.39732 0.35245 0.47002 0.34326 0.38002 0.34342 0.45518 0.33706 0.37278 
ep2_fsdp2_tp2_pp2      12.03851 11.97321 11.74813 11.41143 10.74738 10.26971 9.84945 9.58847 9.33597 9.07678 8.58608 8.27452 7.94211 7.66951 7.15791 6.81907 6.48109 6.20649 5.67283 5.33502 4.95460 4.75428 4.31003 4.00155 3.67017 3.60093 3.15068 3.05147 2.85568 2.85910 2.55393 2.49007 2.33094 2.42524 2.12573 2.12866 1.93528 2.09222 1.84126 1.81569 1.62643 1.82149 1.55794 1.55337 1.41777 1.57897 1.35027 1.37821 1.25457 1.39659 1.15648 1.19664 1.05400 1.15288 1.00276 1.03934 0.87190 1.02843 0.88974 0.92460 0.83390 0.89871 0.75869 0.78124 0.73801 0.80316 0.65959 0.66935 0.60244 0.72201 0.59453 0.59694 0.52865 0.67023 0.53609 0.55257 0.48539 0.61713 0.46567 0.47320 0.44560 0.54124 0.41541 0.43537 0.39359 0.48707 0.37439 0.40829 0.35415 0.45229 0.33619 0.37118 0.32593 0.40828 0.32950 0.35778 0.31921 0.40298 0.32035 0.35122 
ep2_fsdp2_tp2_cp2      12.05770 11.96636 11.80828 11.51659 10.95381 10.42419 10.00535 9.71750 9.43908 9.20992 8.75767 8.40615 8.05294 7.81750 7.33077 6.96857 6.60882 6.35713 5.84878 5.50130 5.11687 4.90587 4.41774 4.16284 3.77369 3.75398 3.35386 3.14818 2.87212 2.94416 2.57029 2.45108 2.25650 2.44125 2.09106 2.05815 1.91810 2.13926 1.80485 1.68729 1.60865 1.86311 1.54783 1.51998 1.43129 1.61268 1.38042 1.36347 1.22270 1.41237 1.24426 1.26807 1.07932 1.23380 1.08693 1.03253 0.98987 1.07282 0.94477 0.88702 0.85010 0.91194 0.82227 0.78657 0.77854 0.84507 0.71444 0.69150 0.69743 0.74258 0.63619 0.63773 0.65406 0.68914 0.58835 0.55762 0.54421 0.60131 0.54558 0.50831 0.48210 0.56887 0.45622 0.45970 0.44462 0.50875 0.41156 0.42742 0.38275 0.47437 0.37678 0.41126 0.36177 0.44341 0.35543 0.38988 0.34679 0.43712 0.35289 0.38370 
ep2_fsdp2_pp2_cp2      12.06318 11.98685 11.77011 11.41558 10.72175 10.26378 9.83199 9.57211 9.31667 9.04029 8.55084 8.23431 7.91160 7.62142 7.11727 6.77351 6.43293 6.13967 5.61361 5.26811 4.89151 4.67148 4.15491 3.92230 3.58361 3.54754 3.10340 3.01842 2.75354 2.82777 2.46031 2.39988 2.29569 2.41780 2.13441 2.04989 1.90676 2.08427 1.80035 1.77711 1.68416 1.79986 1.63335 1.58219 1.40391 1.61969 1.36011 1.38253 1.21042 1.40409 1.14080 1.19129 1.00993 1.25005 1.03657 1.05778 0.83748 1.11380 0.90664 0.93970 0.82972 0.96599 0.82524 0.81842 0.66388 0.88505 0.69620 0.70516 0.57149 0.74713 0.62072 0.62920 0.51557 0.66218 0.54908 0.59626 0.47662 0.59748 0.46394 0.49315 0.41238 0.55192 0.41644 0.44567 0.36090 0.49736 0.36968 0.39214 0.33590 0.45909 0.33968 0.37329 0.31705 0.43773 0.32628 0.35370 0.31938 0.41961 0.31704 0.34978 
