dp1                    12.05446 11.98832 11.79638 11.49265 11.00368 10.55487 10.17976 10.04461 9.92705 9.89896 
fsdp2                  12.05090 11.98433 11.82505 11.52380 11.03637 10.56118 10.23745 10.05560 9.99942 9.91659 
pp2                    12.07827 11.98084 11.79057 11.48503 10.96746 10.55506 10.17183 10.03224 9.94591 9.90463 
cp2                    12.03872 11.98735 11.82967 11.51360 11.09237 10.60734 10.25241 10.06772 10.02177 9.93676 
tp2                    12.06776 11.97526 11.82996 11.49353 11.03578 10.56821 10.20942 10.03924 9.99510 9.91697 
fsdp2_tp2_pp2          12.04980 11.96379 11.73764 11.33708 10.72880 10.34142 10.00293 9.85743 9.74297 9.74142 
fsdp2_tp2_cp2          12.08587 11.98361 11.81758 11.48207 11.05177 10.57449 10.22862 10.06515 10.01614 9.93987 
tp2_pp2_cp2            12.05198 11.97013 11.70608 11.33424 10.73665 10.35675 10.01187 9.86300 9.74649 9.74902 
fsdp2_pp2_cp2          12.05422 11.95695 11.75422 11.33147 10.76711 10.36215 10.02379 9.85506 9.75515 9.74170 
ep2_fsdp2              12.05090 11.97956 11.81064 11.49841 11.05424 10.55636 10.22676 10.05105 9.99976 9.91449 
ep2_fsdp2_tp2_pp2      12.05902 11.99602 11.75215 11.34913 10.74760 10.35302 10.03031 9.86493 9.75846 9.74520 
ep2_fsdp2_tp2_cp2      12.04774 11.99212 11.83465 11.50495 11.09915 10.59955 10.25366 10.08881 10.02660 9.95135 
ep2_fsdp2_pp2_cp2      12.06804 11.97886 11.73099 11.33701 10.74666 10.35670 10.02775 9.86303 9.75448 9.74316 
