dp1                    12.03615 12.06371 12.06627 12.05147 11.91158 11.96511 11.97252 11.97568 11.84643 11.88482 
fsdp2                  12.03633 12.03723 12.05474 12.04137 11.91123 11.92062 11.95020 11.97105 11.83626 11.87807 
pp2                    12.05631 12.05978 12.03869 12.02701 11.91382 11.94562 11.95317 11.94392 11.82837 11.90768 
cp2                    12.03982 12.03307 12.04761 12.03367 11.93849 11.92206 11.94566 11.96609 11.84871 11.87082 
tp2                    12.04454 12.04890 12.05179 12.02811 11.93804 11.94692 11.93932 11.95552 11.84778 11.88813 
fsdp2_tp2_pp2          12.08205 12.04369 12.06447 12.06303 11.94331 11.96236 11.95578 11.97254 11.87296 11.88733 
fsdp2_tp2_cp2          12.05129 12.06654 12.04002 12.05669 11.88799 11.94832 11.93648 11.96582 11.80877 11.89232 
tp2_pp2_cp2            12.07093 12.04352 12.04849 12.06001 11.93765 11.94907 11.96508 11.98144 11.83493 11.89835 
fsdp2_pp2_cp2          12.04136 12.06384 12.05612 12.05626 11.91537 11.94220 11.94616 11.96247 11.85172 11.88381 
ep2_fsdp2              12.03633 12.03723 12.05474 12.04137 11.91123 11.92062 11.95020 11.97105 11.83626 11.87807 
ep2_fsdp2_tp2_pp2      12.05957 12.04715 12.04144 12.03232 11.88920 11.91906 11.94243 11.97018 11.81396 11.86842 
ep2_fsdp2_tp2_cp2      12.05715 12.06033 12.02509 12.03471 11.91579 11.95280 11.93093 11.97203 11.83380 11.88924 
ep2_fsdp2_pp2_cp2      12.05547 12.05058 12.06746 12.02738 11.90641 11.93104 11.95543 11.95174 11.82312 11.87508 
