dp1                    12.03615 12.06471 12.05851 12.05616 11.92913 11.97146 11.97358 11.97783 11.85660 11.89960 
fsdp2                  12.03633 12.04046 12.05216 12.04451 11.92864 11.92787 11.95376 11.97078 11.84479 11.88087 
pp2                    12.05631 12.06717 12.03924 12.02332 11.92628 11.94857 11.93676 11.94054 11.85626 11.89619 
cp2                    12.03982 12.03038 12.06083 12.04552 11.90661 11.93746 11.94735 11.96479 11.82777 11.86809 
tp2                    12.04454 12.05499 12.04506 12.02683 11.92274 11.94246 11.94233 11.96400 11.85774 11.88674 
fsdp2_tp2_pp2          12.08205 12.04539 12.05879 12.04669 11.92726 11.95628 11.96483 11.98270 11.85026 11.89202 
fsdp2_tp2_cp2          12.05129 12.06240 12.03232 12.04594 11.90650 11.95732 11.92853 11.94328 11.80477 11.89402 
tp2_pp2_cp2            12.07094 12.05099 12.05599 12.04402 11.92546 11.93432 11.95946 11.97441 11.84294 11.88464 
fsdp2_pp2_cp2          12.04136 12.05569 12.05901 12.05166 11.88675 11.94985 11.95652 11.97371 11.81334 11.88257 
ep2_fsdp2              12.03633 12.04046 12.05216 12.04451 11.92864 11.92787 11.95376 11.97078 11.84479 11.88087 
ep2_fsdp2_tp2_pp2      12.05957 12.04568 12.04378 12.04454 11.91931 11.91405 11.94189 11.96176 11.84622 11.86322 
ep2_fsdp2_tp2_cp2      12.05715 12.05148 12.02561 12.04586 11.90686 11.93286 11.91811 11.94334 11.81464 11.88667 
ep2_fsdp2_pp2_cp2      12.05547 12.05041 12.05442 12.04618 11.93237 11.93690 11.95528 11.96372 11.84360 11.87982 
