dp1                    12.05446 11.98435 11.78729 11.49870 11.00146 10.56551 10.17824 10.04922 9.93700 9.90676 
fsdp2                  12.05090 11.98776 11.80654 11.50868 11.06136 10.57085 10.23833 10.05391 9.99844 9.92711 
pp2                    12.07827 11.98252 11.79238 11.46894 10.98114 10.54952 10.17764 10.03643 9.94976 9.90756 
cp2                    12.03872 11.98521 11.82637 11.51128 11.07017 10.60113 10.23997 10.05171 10.01446 9.92175 
tp2                    12.06776 11.98232 11.79038 11.49813 11.01820 10.57325 10.21273 10.04138 9.99005 9.91632 
fsdp2_tp2_pp2          12.04980 11.96250 11.73352 11.34194 10.75918 10.36416 10.01670 9.86551 9.74303 9.74740 
fsdp2_tp2_cp2          12.08587 11.98786 11.81119 11.48110 11.03805 10.56901 10.22413 10.05910 10.00842 9.93480 
tp2_pp2_cp2            12.05198 11.97087 11.71917 11.34013 10.72330 10.35708 10.02098 9.86590 9.74788 9.74631 
fsdp2_pp2_cp2          12.05422 11.96624 11.74572 11.32098 10.76238 10.35928 10.02512 9.86192 9.75184 9.74206 
ep2_fsdp2              12.05090 11.98547 11.82251 11.52431 11.05208 10.57255 10.23377 10.06225 10.00233 9.93004 
ep2_fsdp2_tp2_pp2      12.05902 12.00313 11.75453 11.34475 10.75904 10.35646 10.03052 9.87107 9.76018 9.75302 
ep2_fsdp2_tp2_cp2      12.04774 11.98894 11.81008 11.50621 11.08839 10.60221 10.24890 10.07977 10.02400 9.95196 
ep2_fsdp2_pp2_cp2      12.06804 11.97710 11.75508 11.33753 10.72252 10.35805 10.02500 9.86282 9.75673 9.74259 
