== dep_off
| rank | window | compute | fwd | bwd | comm | overlap | exposed | idle | F / B actions |
|---:|---:|---:|---:|---:|---:|---:|---:|---:|---|
| 0 | 3088.9 | 82.5 | 22.2 | 58.0 | 1492.5 | 17.5 | 1475.0 | 1531.5 | 16 / 16 |
| 1 | 3078.0 | 83.5 | 22.1 | 58.8 | 1159.2 | 17.1 | 1142.1 | 1852.4 | 16 / 16 |
| 2 | 3085.8 | 86.9 | 23.2 | 61.1 | 1167.2 | 13.2 | 1154.0 | 1844.9 | 16 / 16 |
| 3 | 3074.8 | 82.6 | 21.7 | 58.1 | 1125.3 | 12.9 | 1112.4 | 1879.8 | 16 / 16 |
| 4 | 3078.9 | 80.3 | 24.1 | 54.3 | 1715.9 | 39.5 | 1676.4 | 1322.2 | 16 / 16 |
| 5 | 3078.6 | 81.1 | 24.3 | 54.9 | 2296.5 | 41.0 | 2255.5 | 742.0 | 16 / 16 |
| 6 | 3076.4 | 82.7 | 24.8 | 55.6 | 2211.7 | 45.7 | 2165.9 | 827.7 | 16 / 16 |
| 7 | 3075.4 | 79.2 | 23.5 | 53.3 | 2033.1 | 44.1 | 1989.0 | 1007.2 | 16 / 16 |
| max | 3088.9 | 86.9 | 24.8 | 61.1 | 2296.5 | 45.7 | 2255.5 | 1879.8 | |
| mean | 3079.6 | 82.3 | 23.2 | 56.8 | 1650.2 | 28.9 | 1621.3 | 1376.0 | |
== dep_k25
| rank | window | compute | fwd | bwd | comm | overlap | exposed | idle | F / B actions |
|---:|---:|---:|---:|---:|---:|---:|---:|---:|---|
| 0 | 3111.4 | 82.2 | 22.2 | 56.8 | 1716.7 | 28.4 | 1688.3 | 1340.9 | 16 / 16 |
| 1 | 3107.2 | 82.7 | 22.0 | 57.7 | 1855.3 | 27.4 | 1827.9 | 1196.6 | 16 / 16 |
| 2 | 3109.3 | 86.1 | 22.3 | 59.1 | 1641.5 | 29.1 | 1612.5 | 1410.7 | 16 / 16 |
| 3 | 3104.3 | 82.0 | 20.9 | 56.1 | 1643.2 | 27.3 | 1615.9 | 1406.4 | 16 / 16 |
| 4 | 3106.8 | 80.5 | 24.1 | 54.0 | 1607.9 | 29.1 | 1578.7 | 1447.6 | 16 / 16 |
| 5 | 3106.2 | 82.2 | 24.5 | 55.3 | 1801.4 | 29.2 | 1772.3 | 1251.7 | 16 / 16 |
| 6 | 3103.5 | 84.6 | 24.6 | 55.7 | 1381.0 | 28.5 | 1352.5 | 1666.4 | 16 / 16 |
| 7 | 3104.7 | 81.6 | 23.5 | 54.0 | 1458.5 | 27.6 | 1430.9 | 1592.2 | 16 / 16 |
| max | 3111.4 | 86.1 | 24.6 | 59.1 | 1855.3 | 29.2 | 1827.9 | 1666.4 | |
| mean | 3106.7 | 82.7 | 23.0 | 56.1 | 1638.2 | 28.3 | 1609.9 | 1414.1 | |
== dep_bubble
| rank | window | compute | fwd | bwd | comm | overlap | exposed | idle | F / B actions |
|---:|---:|---:|---:|---:|---:|---:|---:|---:|---|
| 0 | 3087.4 | 82.5 | 22.1 | 57.1 | 1895.3 | 26.9 | 1868.4 | 1136.5 | 16 / 16 |
| 1 | 3079.9 | 82.4 | 21.8 | 57.3 | 1595.6 | 26.2 | 1569.4 | 1428.1 | 16 / 16 |
| 2 | 3084.1 | 86.6 | 22.4 | 59.5 | 1152.7 | 18.6 | 1134.1 | 1863.4 | 16 / 16 |
| 3 | 3076.2 | 81.3 | 20.6 | 55.7 | 1462.4 | 17.7 | 1444.7 | 1550.2 | 16 / 16 |
| 4 | 3078.1 | 80.4 | 24.1 | 54.0 | 1810.1 | 31.0 | 1779.1 | 1218.6 | 16 / 16 |
| 5 | 3077.5 | 82.2 | 24.6 | 55.4 | 1653.2 | 31.3 | 1621.9 | 1373.4 | 16 / 16 |
| 6 | 3074.8 | 84.7 | 24.6 | 55.6 | 1703.0 | 41.5 | 1661.5 | 1328.6 | 16 / 16 |
| 7 | 3074.8 | 82.0 | 23.6 | 54.1 | 1824.6 | 39.7 | 1785.0 | 1207.8 | 16 / 16 |
| max | 3087.4 | 86.6 | 24.6 | 59.5 | 1895.3 | 41.5 | 1868.4 | 1863.4 | |
| mean | 3079.1 | 82.8 | 23.0 | 56.1 | 1637.1 | 29.1 | 1608.0 | 1388.3 | |

[exited with code 0]
