act per layer per 8K micro-batch (report recipe, estimate): 1.63 GiB
params: experts 92 x 29.6 B + MTP 30.2 B

=== H100: HBM 74.5 GiB, NVLink domain 8, IB 50 GB/s per GPU
TP candidates (divide 96 heads, inside one NVLink domain, at most 8): [1, 2, 3, 4, 6, 8]
| PP x VP | EP | TP | stages | layers/stage | static GiB (rank) | layer x mb in flight (M) | acts no offload GiB | AttnRes+hidden (lower bound) GiB | headroom for acts GiB | acts that must leave HBM | EP IB ms / layer fwd ms |
|---|---:|---:|---:|---:|---|---|---:|---:|---:|---:|---|
| 2 x 4 | 64 | 8 | 8 | 11.6 | 61 (r1) | 105 (16) | 21 | 1.9 | 12 | 45% | 3 / 5 |
| 2 x 6 | 64 | 8 | 12 | 7.8 | 61 (r1) | 101 (16) | 21 | 2.9 | 11 | 47% | 3 / 5 |
| 2 x 8 | 64 | 8 | 16 | 5.8 | 61 (r1) | 99 (16) | 20 | 3.7 | 10 | 52% | 3 / 5 |
| 4 x 2 | 64 | 1 | 8 | 11.6 | 63 (r0) | 125 (16) | 204 | 12.4 | -1 | 100% | 25 / 42 |
| 4 x 2 | 32 | 2 | 8 | 11.6 | 71 (r1) | 125 (16) | 102 | 6.2 | -3 | 100% | 11 / 21 |
| 4 x 2 | 64 | 2 | 8 | 11.6 | 48 (r1) | 125 (16) | 102 | 6.2 | 20 | 80% | 12 / 21 |
| 4 x 2 | 32 | 8 | 8 | 11.6 | 61 (r1) | 125 (16) | 26 | 1.5 | 12 | 53% | 3 / 5 |
| 4 x 2 | 64 | 8 | 8 | 11.6 | 38 (r1) | 125 (16) | 26 | 1.5 | 35 | 0% | 3 / 5 |
| 4 x 3 | 64 | 1 | 12 | 7.8 | 63 (r0) | 113 (16) | 185 | 16.8 | -5 | 100% | 25 / 42 |
| 4 x 3 | 32 | 2 | 12 | 7.8 | 71 (r1) | 113 (16) | 92 | 8.4 | -5 | 100% | 11 / 21 |
| 4 x 3 | 64 | 2 | 12 | 7.8 | 48 (r1) | 113 (16) | 92 | 8.4 | 18 | 80% | 12 / 21 |
| 4 x 3 | 32 | 8 | 12 | 7.8 | 61 (r1) | 113 (16) | 23 | 2.1 | 11 | 51% | 3 / 5 |
| 4 x 3 | 64 | 8 | 12 | 7.8 | 38 (r1) | 113 (16) | 23 | 2.1 | 35 | 0% | 3 / 5 |
| 4 x 4 | 64 | 1 | 16 | 5.8 | 62 (r1) | 107 (16) | 175 | 20.8 | -9 | 100% | 25 / 42 |
| 4 x 4 | 32 | 2 | 16 | 5.8 | 72 (r1) | 107 (16) | 87 | 10.4 | -8 | 100% | 11 / 21 |
| 4 x 4 | 64 | 2 | 16 | 5.8 | 48 (r1) | 107 (16) | 87 | 10.4 | 16 | 82% | 12 / 21 |
| 4 x 4 | 32 | 8 | 16 | 5.8 | 61 (r1) | 107 (16) | 22 | 2.6 | 11 | 51% | 3 / 5 |
| 4 x 4 | 64 | 8 | 16 | 5.8 | 38 (r1) | 107 (16) | 22 | 2.6 | 34 | 0% | 3 / 5 |
| 4 x 6 | 64 | 1 | 24 | 3.9 | 63 (r0) | 101 (16) | 165 | 28.1 | -16 | 100% | 25 / 42 |
| 4 x 6 | 32 | 2 | 24 | 3.9 | 71 (r1) | 101 (16) | 82 | 14.1 | -11 | 100% | 11 / 21 |
| 4 x 6 | 64 | 2 | 24 | 3.9 | 48 (r1) | 101 (16) | 82 | 14.1 | 12 | 85% | 12 / 21 |
| 4 x 6 | 32 | 8 | 24 | 3.9 | 61 (r1) | 101 (16) | 21 | 3.5 | 10 | 52% | 3 / 5 |
| 4 x 6 | 64 | 8 | 24 | 3.9 | 38 (r1) | 101 (16) | 21 | 3.5 | 33 | 0% | 3 / 5 |
| 4 x 8 | 64 | 1 | 32 | 2.9 | 64 (r3) | 99 (16) | 162 | 35.1 | -24 | 100% | 25 / 42 |
| 4 x 8 | 32 | 2 | 32 | 2.9 | 71 (r1) | 99 (16) | 81 | 17.6 | -14 | 100% | 11 / 21 |
| 4 x 8 | 64 | 2 | 32 | 2.9 | 48 (r3) | 99 (16) | 81 | 17.6 | 8 | 89% | 12 / 21 |
| 4 x 8 | 32 | 8 | 32 | 2.9 | 61 (r1) | 99 (16) | 20 | 4.4 | 9 | 55% | 3 / 5 |
| 4 x 8 | 64 | 8 | 32 | 2.9 | 38 (r1) | 99 (16) | 20 | 4.4 | 32 | 0% | 3 / 5 |
| 8 x 1 | 32 | 1 | 8 | 11.6 | 51 (r1) | 165 (16) | 269 | 7.4 | 16 | 94% | 21 / 42 |
| 8 x 1 | 64 | 1 | 8 | 11.6 | 39 (r0) | 165 (16) | 269 | 7.4 | 28 | 90% | 25 / 42 |
| 8 x 1 | 16 | 2 | 8 | 11.6 | 70 (r1) | 165 (16) | 135 | 3.7 | 1 | 99% | 7 / 21 |
| 8 x 1 | 32 | 2 | 8 | 11.6 | 44 (r1) | 165 (16) | 135 | 3.7 | 27 | 80% | 11 / 21 |
| 8 x 1 | 64 | 2 | 8 | 11.6 | 31 (r1) | 165 (16) | 135 | 3.7 | 40 | 71% | 12 / 21 |
| 8 x 1 | 16 | 8 | 8 | 11.6 | 65 (r1) | 165 (16) | 34 | 0.9 | 9 | 73% | 2 / 5 |
| 8 x 1 | 32 | 8 | 8 | 11.6 | 39 (r1) | 165 (16) | 34 | 0.9 | 35 | 0% | 3 / 5 |
| 8 x 1 | 64 | 8 | 8 | 11.6 | 26 (r1) | 165 (16) | 34 | 0.9 | 48 | 0% | 3 / 5 |
| 8 x 2 | 32 | 1 | 16 | 5.8 | 52 (r1) | 126 (16) | 206 | 18.8 | 4 | 98% | 21 / 42 |
| 8 x 2 | 64 | 1 | 16 | 5.8 | 39 (r1) | 126 (16) | 206 | 18.8 | 17 | 92% | 25 / 42 |
| 8 x 2 | 16 | 2 | 16 | 5.8 | 70 (r1) | 126 (16) | 103 | 9.4 | -5 | 100% | 7 / 21 |
| 8 x 2 | 32 | 2 | 16 | 5.8 | 44 (r1) | 126 (16) | 103 | 9.4 | 21 | 80% | 11 / 21 |
| 8 x 2 | 64 | 2 | 16 | 5.8 | 31 (r1) | 126 (16) | 103 | 9.4 | 34 | 67% | 12 / 21 |
| 8 x 2 | 16 | 8 | 16 | 5.8 | 65 (r1) | 126 (16) | 26 | 2.4 | 8 | 71% | 2 / 5 |
| 8 x 2 | 32 | 8 | 16 | 5.8 | 39 (r1) | 126 (16) | 26 | 2.4 | 33 | 0% | 3 / 5 |
| 8 x 2 | 64 | 8 | 16 | 5.8 | 26 (r1) | 126 (16) | 26 | 2.4 | 46 | 0% | 3 / 5 |
| 8 x 3 | 32 | 1 | 24 | 3.9 | 51 (r1) | 116 (16) | 189 | 23.4 | -0 | 100% | 21 / 42 |
| 8 x 3 | 64 | 1 | 24 | 3.9 | 39 (r0) | 116 (16) | 189 | 23.4 | 12 | 94% | 25 / 42 |
| 8 x 3 | 16 | 2 | 24 | 3.9 | 70 (r1) | 116 (16) | 95 | 11.7 | -7 | 100% | 7 / 21 |
| 8 x 3 | 32 | 2 | 24 | 3.9 | 44 (r1) | 116 (16) | 95 | 11.7 | 19 | 80% | 11 / 21 |
| 8 x 3 | 64 | 2 | 24 | 3.9 | 31 (r1) | 116 (16) | 95 | 11.7 | 32 | 67% | 12 / 21 |
| 8 x 3 | 16 | 8 | 24 | 3.9 | 65 (r1) | 116 (16) | 24 | 2.9 | 7 | 71% | 2 / 5 |
| 8 x 3 | 32 | 8 | 24 | 3.9 | 39 (r1) | 116 (16) | 24 | 2.9 | 33 | 0% | 3 / 5 |
| 8 x 3 | 64 | 8 | 24 | 3.9 | 26 (r1) | 116 (16) | 24 | 2.9 | 46 | 0% | 3 / 5 |
| 8 x 4 | 32 | 1 | 32 | 2.9 | 52 (r3) | 111 (16) | 181 | 27.8 | -6 | 100% | 21 / 42 |
| 8 x 4 | 64 | 1 | 32 | 2.9 | 40 (r3) | 111 (16) | 181 | 27.8 | 7 | 96% | 25 / 42 |
| 8 x 4 | 16 | 2 | 32 | 2.9 | 71 (r3) | 111 (16) | 91 | 13.9 | -10 | 100% | 7 / 21 |
| 8 x 4 | 32 | 2 | 32 | 2.9 | 45 (r3) | 111 (16) | 91 | 13.9 | 16 | 82% | 11 / 21 |
| 8 x 4 | 64 | 2 | 32 | 2.9 | 32 (r3) | 111 (16) | 91 | 13.9 | 29 | 68% | 12 / 21 |
| 8 x 4 | 16 | 8 | 32 | 2.9 | 65 (r3) | 111 (16) | 23 | 3.5 | 6 | 72% | 2 / 5 |
| 8 x 4 | 32 | 8 | 32 | 2.9 | 39 (r3) | 111 (16) | 23 | 3.5 | 32 | 0% | 3 / 5 |
| 8 x 4 | 64 | 8 | 32 | 2.9 | 26 (r3) | 111 (16) | 23 | 3.5 | 45 | 0% | 3 / 5 |
| 16 x 1 | 16 | 1 | 16 | 5.8 | 50 (r1) | 174 (32) | 284 | 15.3 | 9 | 97% | 14 / 42 |
| 16 x 1 | 32 | 1 | 16 | 5.8 | 35 (r1) | 174 (32) | 284 | 15.3 | 25 | 91% | 21 / 42 |
| 16 x 1 | 64 | 1 | 16 | 5.8 | 27 (r1) | 174 (32) | 284 | 15.3 | 32 | 89% | 25 / 42 |
| 16 x 1 | 16 | 2 | 16 | 5.8 | 46 (r1) | 174 (32) | 142 | 7.7 | 21 | 85% | 7 / 21 |
| 16 x 1 | 32 | 2 | 16 | 5.8 | 31 (r1) | 174 (32) | 142 | 7.7 | 36 | 75% | 11 / 21 |
| 16 x 1 | 64 | 2 | 16 | 5.8 | 23 (r1) | 174 (32) | 142 | 7.7 | 44 | 69% | 12 / 21 |
| 16 x 1 | 8 | 8 | 16 | 5.8 | 74 (r1) | 174 (32) | 36 | 1.9 | -2 | 100% | 0 / 5 |
| 16 x 1 | 16 | 8 | 16 | 5.8 | 43 (r1) | 174 (32) | 36 | 1.9 | 29 | 17% | 2 / 5 |
| 16 x 1 | 32 | 8 | 16 | 5.8 | 28 (r1) | 174 (32) | 36 | 1.9 | 45 | 0% | 3 / 5 |
| 16 x 1 | 64 | 8 | 16 | 5.8 | 20 (r1) | 174 (32) | 36 | 1.9 | 53 | 0% | 3 / 5 |
| 16 x 2 | 16 | 1 | 32 | 2.9 | 51 (r3) | 135 (32) | 220 | 38.1 | -14 | 100% | 14 / 42 |
| 16 x 2 | 32 | 1 | 32 | 2.9 | 35 (r3) | 135 (32) | 220 | 38.1 | 1 | 99% | 21 / 42 |
| 16 x 2 | 64 | 1 | 32 | 2.9 | 27 (r3) | 135 (32) | 220 | 38.1 | 9 | 96% | 25 / 42 |
| 16 x 2 | 16 | 2 | 32 | 2.9 | 46 (r3) | 135 (32) | 110 | 19.0 | 9 | 92% | 7 / 21 |
| 16 x 2 | 32 | 2 | 32 | 2.9 | 31 (r3) | 135 (32) | 110 | 19.0 | 25 | 78% | 11 / 21 |
| 16 x 2 | 64 | 2 | 32 | 2.9 | 23 (r3) | 135 (32) | 110 | 19.0 | 32 | 71% | 12 / 21 |
| 16 x 2 | 8 | 8 | 32 | 2.9 | 74 (r3) | 135 (32) | 28 | 4.8 | -4 | 100% | 0 / 5 |
| 16 x 2 | 16 | 8 | 32 | 2.9 | 43 (r3) | 135 (32) | 28 | 4.8 | 27 | 4% | 2 / 5 |
| 16 x 2 | 32 | 8 | 32 | 2.9 | 28 (r3) | 135 (32) | 28 | 4.8 | 42 | 0% | 3 / 5 |
| 16 x 2 | 64 | 8 | 32 | 2.9 | 20 (r3) | 135 (32) | 28 | 4.8 | 50 | 0% | 3 / 5 |
| 32 x 1 | 8 | 1 | 32 | 2.9 | 57 (r3) | 183 (64) | 299 | 31.1 | -14 | 100% | 0 / 42 |
| 32 x 1 | 16 | 1 | 32 | 2.9 | 37 (r3) | 183 (64) | 299 | 31.1 | 7 | 98% | 14 / 42 |
| 32 x 1 | 32 | 1 | 32 | 2.9 | 26 (r3) | 183 (64) | 299 | 31.1 | 17 | 94% | 21 / 42 |
| 32 x 1 | 64 | 1 | 32 | 2.9 | 21 (r3) | 183 (64) | 299 | 31.1 | 22 | 93% | 25 / 42 |
| 32 x 1 | 8 | 2 | 32 | 2.9 | 55 (r3) | 183 (64) | 149 | 15.5 | 4 | 97% | 0 / 21 |
| 32 x 1 | 16 | 2 | 32 | 2.9 | 34 (r3) | 183 (64) | 149 | 15.5 | 25 | 83% | 7 / 21 |
| 32 x 1 | 32 | 2 | 32 | 2.9 | 24 (r3) | 183 (64) | 149 | 15.5 | 35 | 77% | 11 / 21 |
| 32 x 1 | 64 | 2 | 32 | 2.9 | 19 (r3) | 183 (64) | 149 | 15.5 | 40 | 73% | 12 / 21 |
| 32 x 1 | 8 | 8 | 32 | 2.9 | 53 (r3) | 183 (64) | 37 | 3.9 | 18 | 53% | 0 / 5 |
| 32 x 1 | 16 | 8 | 32 | 2.9 | 32 (r3) | 183 (64) | 37 | 3.9 | 38 | 0% | 2 / 5 |
| 32 x 1 | 32 | 8 | 32 | 2.9 | 22 (r3) | 183 (64) | 37 | 3.9 | 49 | 0% | 3 / 5 |
| 32 x 1 | 64 | 8 | 32 | 2.9 | 17 (r3) | 183 (64) | 37 | 3.9 | 54 | 0% | 3 / 5 |

=== GB300: HBM 268.2 GiB, NVLink domain 72, IB 50 GB/s per GPU
TP candidates (divide 96 heads, inside one NVLink domain, at most 8): [1, 2, 3, 4, 6, 8]
| PP x VP | EP | TP | stages | layers/stage | static GiB (rank) | layer x mb in flight (M) | acts no offload GiB | AttnRes+hidden (lower bound) GiB | headroom for acts GiB | acts that must leave HBM | EP IB ms / layer fwd ms |
|---|---:|---:|---:|---:|---|---|---:|---:|---:|---:|---|
| 2 x 4 | 16 | 1 | 8 | 11.6 | 237 (r1) | 105 (16) | 171 | 15.5 | 16 | 91% | 0 / 17 |
| 2 x 4 | 32 | 1 | 8 | 11.6 | 152 (r0) | 105 (16) | 171 | 15.5 | 101 | 41% | 0 / 17 |
| 2 x 4 | 64 | 1 | 8 | 11.6 | 110 (r0) | 105 (16) | 171 | 15.5 | 143 | 17% | 0 / 17 |
| 2 x 4 | 16 | 2 | 8 | 11.6 | 210 (r1) | 105 (16) | 86 | 7.8 | 50 | 41% | 0 / 9 |
| 2 x 4 | 32 | 2 | 8 | 11.6 | 124 (r1) | 105 (16) | 86 | 7.8 | 136 | 0% | 0 / 9 |
| 2 x 4 | 64 | 2 | 8 | 11.6 | 81 (r0) | 105 (16) | 86 | 7.8 | 179 | 0% | 0 / 9 |
| 2 x 4 | 16 | 8 | 8 | 11.6 | 190 (r1) | 105 (16) | 21 | 1.9 | 76 | 0% | 0 / 2 |
| 2 x 4 | 32 | 8 | 8 | 11.6 | 104 (r1) | 105 (16) | 21 | 1.9 | 162 | 0% | 0 / 2 |
| 2 x 4 | 64 | 8 | 8 | 11.6 | 61 (r1) | 105 (16) | 21 | 1.9 | 205 | 0% | 0 / 2 |
| 2 x 6 | 16 | 1 | 12 | 7.8 | 237 (r1) | 101 (16) | 165 | 22.9 | 8 | 95% | 0 / 17 |
| 2 x 6 | 32 | 1 | 12 | 7.8 | 152 (r0) | 101 (16) | 165 | 22.9 | 94 | 43% | 0 / 17 |
| 2 x 6 | 64 | 1 | 12 | 7.8 | 110 (r0) | 101 (16) | 165 | 22.9 | 136 | 18% | 0 / 17 |
| 2 x 6 | 16 | 2 | 12 | 7.8 | 210 (r1) | 101 (16) | 82 | 11.4 | 47 | 44% | 0 / 9 |
| 2 x 6 | 32 | 2 | 12 | 7.8 | 124 (r1) | 101 (16) | 82 | 11.4 | 133 | 0% | 0 / 9 |
| 2 x 6 | 64 | 2 | 12 | 7.8 | 81 (r0) | 101 (16) | 82 | 11.4 | 175 | 0% | 0 / 9 |
| 2 x 6 | 16 | 8 | 12 | 7.8 | 190 (r1) | 101 (16) | 21 | 2.9 | 75 | 0% | 0 / 2 |
| 2 x 6 | 32 | 8 | 12 | 7.8 | 104 (r1) | 101 (16) | 21 | 2.9 | 161 | 0% | 0 / 2 |
| 2 x 6 | 64 | 8 | 12 | 7.8 | 61 (r1) | 101 (16) | 21 | 2.9 | 205 | 0% | 0 / 2 |
| 2 x 8 | 16 | 1 | 16 | 5.8 | 239 (r1) | 99 (16) | 162 | 29.9 | -0 | 100% | 0 / 17 |
| 2 x 8 | 32 | 1 | 16 | 5.8 | 153 (r1) | 99 (16) | 162 | 29.9 | 86 | 47% | 0 / 17 |
| 2 x 8 | 64 | 1 | 16 | 5.8 | 110 (r1) | 99 (16) | 162 | 29.9 | 129 | 20% | 0 / 17 |
| 2 x 8 | 16 | 2 | 16 | 5.8 | 211 (r1) | 99 (16) | 81 | 14.9 | 42 | 48% | 0 / 9 |
| 2 x 8 | 32 | 2 | 16 | 5.8 | 125 (r1) | 99 (16) | 81 | 14.9 | 128 | 0% | 0 / 9 |
| 2 x 8 | 64 | 2 | 16 | 5.8 | 82 (r1) | 99 (16) | 81 | 14.9 | 171 | 0% | 0 / 9 |
| 2 x 8 | 16 | 8 | 16 | 5.8 | 190 (r1) | 99 (16) | 20 | 3.7 | 74 | 0% | 0 / 2 |
| 2 x 8 | 32 | 8 | 16 | 5.8 | 104 (r1) | 99 (16) | 20 | 3.7 | 160 | 0% | 0 / 2 |
| 2 x 8 | 64 | 8 | 16 | 5.8 | 61 (r1) | 99 (16) | 20 | 3.7 | 203 | 0% | 0 / 2 |
| 4 x 2 | 8 | 1 | 8 | 11.6 | 224 (r1) | 125 (16) | 204 | 12.4 | 31 | 85% | 0 / 17 |
| 4 x 2 | 16 | 1 | 8 | 11.6 | 131 (r1) | 125 (16) | 204 | 12.4 | 124 | 39% | 0 / 17 |
| 4 x 2 | 32 | 1 | 8 | 11.6 | 85 (r1) | 125 (16) | 204 | 12.4 | 171 | 16% | 0 / 17 |
| 4 x 2 | 64 | 1 | 8 | 11.6 | 63 (r0) | 125 (16) | 204 | 12.4 | 193 | 5% | 0 / 17 |
| 4 x 2 | 8 | 2 | 8 | 11.6 | 211 (r1) | 125 (16) | 102 | 6.2 | 51 | 50% | 0 / 9 |
| 4 x 2 | 16 | 2 | 8 | 11.6 | 118 (r1) | 125 (16) | 102 | 6.2 | 144 | 0% | 0 / 9 |
| 4 x 2 | 32 | 2 | 8 | 11.6 | 71 (r1) | 125 (16) | 102 | 6.2 | 191 | 0% | 0 / 9 |
| 4 x 2 | 64 | 2 | 8 | 11.6 | 48 (r1) | 125 (16) | 102 | 6.2 | 214 | 0% | 0 / 9 |
| 4 x 2 | 8 | 8 | 8 | 11.6 | 201 (r1) | 125 (16) | 26 | 1.5 | 66 | 0% | 0 / 2 |
| 4 x 2 | 16 | 8 | 8 | 11.6 | 108 (r1) | 125 (16) | 26 | 1.5 | 159 | 0% | 0 / 2 |
| 4 x 2 | 32 | 8 | 8 | 11.6 | 61 (r1) | 125 (16) | 26 | 1.5 | 206 | 0% | 0 / 2 |
| 4 x 2 | 64 | 8 | 8 | 11.6 | 38 (r1) | 125 (16) | 26 | 1.5 | 229 | 0% | 0 / 2 |
| 4 x 3 | 8 | 1 | 12 | 7.8 | 224 (r1) | 113 (16) | 185 | 16.8 | 27 | 85% | 0 / 17 |
| 4 x 3 | 16 | 1 | 12 | 7.8 | 131 (r1) | 113 (16) | 185 | 16.8 | 120 | 35% | 0 / 17 |
| 4 x 3 | 32 | 1 | 12 | 7.8 | 85 (r1) | 113 (16) | 185 | 16.8 | 166 | 10% | 0 / 17 |
| 4 x 3 | 64 | 1 | 12 | 7.8 | 63 (r0) | 113 (16) | 185 | 16.8 | 189 | 0% | 0 / 17 |
| 4 x 3 | 8 | 2 | 12 | 7.8 | 211 (r1) | 113 (16) | 92 | 8.4 | 49 | 47% | 0 / 9 |
| 4 x 3 | 16 | 2 | 12 | 7.8 | 118 (r1) | 113 (16) | 92 | 8.4 | 142 | 0% | 0 / 9 |
| 4 x 3 | 32 | 2 | 12 | 7.8 | 71 (r1) | 113 (16) | 92 | 8.4 | 189 | 0% | 0 / 9 |
| 4 x 3 | 64 | 2 | 12 | 7.8 | 48 (r1) | 113 (16) | 92 | 8.4 | 212 | 0% | 0 / 9 |
| 4 x 3 | 8 | 8 | 12 | 7.8 | 201 (r1) | 113 (16) | 23 | 2.1 | 66 | 0% | 0 / 2 |
| 4 x 3 | 16 | 8 | 12 | 7.8 | 108 (r1) | 113 (16) | 23 | 2.1 | 159 | 0% | 0 / 2 |
| 4 x 3 | 32 | 8 | 12 | 7.8 | 61 (r1) | 113 (16) | 23 | 2.1 | 205 | 0% | 0 / 2 |
| 4 x 3 | 64 | 8 | 12 | 7.8 | 38 (r1) | 113 (16) | 23 | 2.1 | 228 | 0% | 0 / 2 |
| 4 x 4 | 8 | 1 | 16 | 5.8 | 225 (r1) | 107 (16) | 175 | 20.8 | 22 | 87% | 0 / 17 |
| 4 x 4 | 16 | 1 | 16 | 5.8 | 132 (r1) | 107 (16) | 175 | 20.8 | 115 | 34% | 0 / 17 |
| 4 x 4 | 32 | 1 | 16 | 5.8 | 86 (r1) | 107 (16) | 175 | 20.8 | 162 | 7% | 0 / 17 |
| 4 x 4 | 64 | 1 | 16 | 5.8 | 62 (r1) | 107 (16) | 175 | 20.8 | 185 | 0% | 0 / 17 |
| 4 x 4 | 8 | 2 | 16 | 5.8 | 211 (r1) | 107 (16) | 87 | 10.4 | 47 | 47% | 0 / 9 |
| 4 x 4 | 16 | 2 | 16 | 5.8 | 118 (r1) | 107 (16) | 87 | 10.4 | 140 | 0% | 0 / 9 |
| 4 x 4 | 32 | 2 | 16 | 5.8 | 72 (r1) | 107 (16) | 87 | 10.4 | 186 | 0% | 0 / 9 |
| 4 x 4 | 64 | 2 | 16 | 5.8 | 48 (r1) | 107 (16) | 87 | 10.4 | 209 | 0% | 0 / 9 |
| 4 x 4 | 8 | 8 | 16 | 5.8 | 201 (r1) | 107 (16) | 22 | 2.6 | 65 | 0% | 0 / 2 |
| 4 x 4 | 16 | 8 | 16 | 5.8 | 108 (r1) | 107 (16) | 22 | 2.6 | 158 | 0% | 0 / 2 |
| 4 x 4 | 32 | 8 | 16 | 5.8 | 61 (r1) | 107 (16) | 22 | 2.6 | 204 | 0% | 0 / 2 |
| 4 x 4 | 64 | 8 | 16 | 5.8 | 38 (r1) | 107 (16) | 22 | 2.6 | 228 | 0% | 0 / 2 |
| 4 x 6 | 8 | 1 | 24 | 3.9 | 224 (r1) | 101 (16) | 165 | 28.1 | 16 | 91% | 0 / 17 |
| 4 x 6 | 16 | 1 | 24 | 3.9 | 131 (r1) | 101 (16) | 165 | 28.1 | 109 | 34% | 0 / 17 |
| 4 x 6 | 32 | 1 | 24 | 3.9 | 85 (r1) | 101 (16) | 165 | 28.1 | 155 | 6% | 0 / 17 |
| 4 x 6 | 64 | 1 | 24 | 3.9 | 63 (r0) | 101 (16) | 165 | 28.1 | 177 | 0% | 0 / 17 |
| 4 x 6 | 8 | 2 | 24 | 3.9 | 211 (r1) | 101 (16) | 82 | 14.1 | 43 | 47% | 0 / 9 |
| 4 x 6 | 16 | 2 | 24 | 3.9 | 118 (r1) | 101 (16) | 82 | 14.1 | 136 | 0% | 0 / 9 |
| 4 x 6 | 32 | 2 | 24 | 3.9 | 71 (r1) | 101 (16) | 82 | 14.1 | 183 | 0% | 0 / 9 |
| 4 x 6 | 64 | 2 | 24 | 3.9 | 48 (r1) | 101 (16) | 82 | 14.1 | 206 | 0% | 0 / 9 |
| 4 x 6 | 8 | 8 | 24 | 3.9 | 201 (r1) | 101 (16) | 21 | 3.5 | 64 | 0% | 0 / 2 |
| 4 x 6 | 16 | 8 | 24 | 3.9 | 108 (r1) | 101 (16) | 21 | 3.5 | 157 | 0% | 0 / 2 |
| 4 x 6 | 32 | 8 | 24 | 3.9 | 61 (r1) | 101 (16) | 21 | 3.5 | 204 | 0% | 0 / 2 |
| 4 x 6 | 64 | 8 | 24 | 3.9 | 38 (r1) | 101 (16) | 21 | 3.5 | 227 | 0% | 0 / 2 |
| 4 x 8 | 8 | 1 | 32 | 2.9 | 224 (r1) | 99 (16) | 162 | 35.1 | 9 | 94% | 0 / 17 |
| 4 x 8 | 16 | 1 | 32 | 2.9 | 131 (r3) | 99 (16) | 162 | 35.1 | 102 | 37% | 0 / 17 |
| 4 x 8 | 32 | 1 | 32 | 2.9 | 86 (r3) | 99 (16) | 162 | 35.1 | 147 | 9% | 0 / 17 |
| 4 x 8 | 64 | 1 | 32 | 2.9 | 64 (r3) | 99 (16) | 162 | 35.1 | 170 | 0% | 0 / 17 |
| 4 x 8 | 8 | 2 | 32 | 2.9 | 210 (r1) | 99 (16) | 81 | 17.6 | 40 | 50% | 0 / 9 |
| 4 x 8 | 16 | 2 | 32 | 2.9 | 117 (r1) | 99 (16) | 81 | 17.6 | 133 | 0% | 0 / 9 |
| 4 x 8 | 32 | 2 | 32 | 2.9 | 71 (r1) | 99 (16) | 81 | 17.6 | 180 | 0% | 0 / 9 |
| 4 x 8 | 64 | 2 | 32 | 2.9 | 48 (r3) | 99 (16) | 81 | 17.6 | 202 | 0% | 0 / 9 |
| 4 x 8 | 8 | 8 | 32 | 2.9 | 200 (r1) | 99 (16) | 20 | 4.4 | 63 | 0% | 0 / 2 |
| 4 x 8 | 16 | 8 | 32 | 2.9 | 107 (r1) | 99 (16) | 20 | 4.4 | 156 | 0% | 0 / 2 |
| 4 x 8 | 32 | 8 | 32 | 2.9 | 61 (r1) | 99 (16) | 20 | 4.4 | 203 | 0% | 0 / 2 |
| 4 x 8 | 64 | 8 | 32 | 2.9 | 38 (r1) | 99 (16) | 20 | 4.4 | 226 | 0% | 0 / 2 |
| 8 x 1 | 8 | 1 | 8 | 11.6 | 129 (r1) | 165 (16) | 269 | 7.4 | 132 | 51% | 0 / 17 |
| 8 x 1 | 16 | 1 | 8 | 11.6 | 77 (r1) | 165 (16) | 269 | 7.4 | 184 | 32% | 0 / 17 |
| 8 x 1 | 32 | 1 | 8 | 11.6 | 51 (r1) | 165 (16) | 269 | 7.4 | 210 | 22% | 0 / 17 |
| 8 x 1 | 64 | 1 | 8 | 11.6 | 39 (r0) | 165 (16) | 269 | 7.4 | 222 | 18% | 0 / 17 |
| 8 x 1 | 8 | 2 | 8 | 11.6 | 122 (r1) | 165 (16) | 135 | 3.7 | 143 | 0% | 0 / 9 |
| 8 x 1 | 16 | 2 | 8 | 11.6 | 70 (r1) | 165 (16) | 135 | 3.7 | 195 | 0% | 0 / 9 |
| 8 x 1 | 32 | 2 | 8 | 11.6 | 44 (r1) | 165 (16) | 135 | 3.7 | 220 | 0% | 0 / 9 |
| 8 x 1 | 64 | 2 | 8 | 11.6 | 31 (r1) | 165 (16) | 135 | 3.7 | 233 | 0% | 0 / 9 |
| 8 x 1 | 8 | 8 | 8 | 11.6 | 116 (r1) | 165 (16) | 34 | 0.9 | 151 | 0% | 0 / 2 |
| 8 x 1 | 16 | 8 | 8 | 11.6 | 65 (r1) | 165 (16) | 34 | 0.9 | 203 | 0% | 0 / 2 |
| 8 x 1 | 32 | 8 | 8 | 11.6 | 39 (r1) | 165 (16) | 34 | 0.9 | 229 | 0% | 0 / 2 |
| 8 x 1 | 64 | 8 | 8 | 11.6 | 26 (r1) | 165 (16) | 34 | 0.9 | 241 | 0% | 0 / 2 |
| 8 x 2 | 8 | 1 | 16 | 5.8 | 129 (r1) | 126 (16) | 206 | 18.8 | 120 | 42% | 0 / 17 |
| 8 x 2 | 16 | 1 | 16 | 5.8 | 78 (r1) | 126 (16) | 206 | 18.8 | 172 | 16% | 0 / 17 |
| 8 x 2 | 32 | 1 | 16 | 5.8 | 52 (r1) | 126 (16) | 206 | 18.8 | 198 | 4% | 0 / 17 |
| 8 x 2 | 64 | 1 | 16 | 5.8 | 39 (r1) | 126 (16) | 206 | 18.8 | 211 | 0% | 0 / 17 |
| 8 x 2 | 8 | 2 | 16 | 5.8 | 122 (r1) | 126 (16) | 103 | 9.4 | 137 | 0% | 0 / 9 |
| 8 x 2 | 16 | 2 | 16 | 5.8 | 70 (r1) | 126 (16) | 103 | 9.4 | 189 | 0% | 0 / 9 |
| 8 x 2 | 32 | 2 | 16 | 5.8 | 44 (r1) | 126 (16) | 103 | 9.4 | 214 | 0% | 0 / 9 |
| 8 x 2 | 64 | 2 | 16 | 5.8 | 31 (r1) | 126 (16) | 103 | 9.4 | 227 | 0% | 0 / 9 |
| 8 x 2 | 8 | 8 | 16 | 5.8 | 116 (r1) | 126 (16) | 26 | 2.4 | 150 | 0% | 0 / 2 |
| 8 x 2 | 16 | 8 | 16 | 5.8 | 65 (r1) | 126 (16) | 26 | 2.4 | 201 | 0% | 0 / 2 |
| 8 x 2 | 32 | 8 | 16 | 5.8 | 39 (r1) | 126 (16) | 26 | 2.4 | 227 | 0% | 0 / 2 |
| 8 x 2 | 64 | 8 | 16 | 5.8 | 26 (r1) | 126 (16) | 26 | 2.4 | 240 | 0% | 0 / 2 |
| 8 x 3 | 8 | 1 | 24 | 3.9 | 129 (r1) | 116 (16) | 189 | 23.4 | 116 | 39% | 0 / 17 |
| 8 x 3 | 16 | 1 | 24 | 3.9 | 77 (r1) | 116 (16) | 189 | 23.4 | 168 | 11% | 0 / 17 |
| 8 x 3 | 32 | 1 | 24 | 3.9 | 51 (r1) | 116 (16) | 189 | 23.4 | 194 | 0% | 0 / 17 |
| 8 x 3 | 64 | 1 | 24 | 3.9 | 39 (r0) | 116 (16) | 189 | 23.4 | 206 | 0% | 0 / 17 |
| 8 x 3 | 8 | 2 | 24 | 3.9 | 122 (r1) | 116 (16) | 95 | 11.7 | 135 | 0% | 0 / 9 |
| 8 x 3 | 16 | 2 | 24 | 3.9 | 70 (r1) | 116 (16) | 95 | 11.7 | 187 | 0% | 0 / 9 |
| 8 x 3 | 32 | 2 | 24 | 3.9 | 44 (r1) | 116 (16) | 95 | 11.7 | 212 | 0% | 0 / 9 |
| 8 x 3 | 64 | 2 | 24 | 3.9 | 31 (r1) | 116 (16) | 95 | 11.7 | 225 | 0% | 0 / 9 |
| 8 x 3 | 8 | 8 | 24 | 3.9 | 116 (r1) | 116 (16) | 24 | 2.9 | 149 | 0% | 0 / 2 |
| 8 x 3 | 16 | 8 | 24 | 3.9 | 65 (r1) | 116 (16) | 24 | 2.9 | 201 | 0% | 0 / 2 |
| 8 x 3 | 32 | 8 | 24 | 3.9 | 39 (r1) | 116 (16) | 24 | 2.9 | 227 | 0% | 0 / 2 |
| 8 x 3 | 64 | 8 | 24 | 3.9 | 26 (r1) | 116 (16) | 24 | 2.9 | 239 | 0% | 0 / 2 |
| 8 x 4 | 8 | 1 | 32 | 2.9 | 130 (r3) | 111 (16) | 181 | 27.8 | 110 | 39% | 0 / 17 |
| 8 x 4 | 16 | 1 | 32 | 2.9 | 78 (r3) | 111 (16) | 181 | 27.8 | 162 | 11% | 0 / 17 |
| 8 x 4 | 32 | 1 | 32 | 2.9 | 52 (r3) | 111 (16) | 181 | 27.8 | 188 | 0% | 0 / 17 |
| 8 x 4 | 64 | 1 | 32 | 2.9 | 40 (r3) | 111 (16) | 181 | 27.8 | 201 | 0% | 0 / 17 |
| 8 x 4 | 8 | 2 | 32 | 2.9 | 122 (r3) | 111 (16) | 91 | 13.9 | 132 | 0% | 0 / 9 |
| 8 x 4 | 16 | 2 | 32 | 2.9 | 71 (r3) | 111 (16) | 91 | 13.9 | 184 | 0% | 0 / 9 |
| 8 x 4 | 32 | 2 | 32 | 2.9 | 45 (r3) | 111 (16) | 91 | 13.9 | 210 | 0% | 0 / 9 |
| 8 x 4 | 64 | 2 | 32 | 2.9 | 32 (r3) | 111 (16) | 91 | 13.9 | 223 | 0% | 0 / 9 |
| 8 x 4 | 8 | 8 | 32 | 2.9 | 116 (r3) | 111 (16) | 23 | 3.5 | 148 | 0% | 0 / 2 |
| 8 x 4 | 16 | 8 | 32 | 2.9 | 65 (r3) | 111 (16) | 23 | 3.5 | 200 | 0% | 0 / 2 |
| 8 x 4 | 32 | 8 | 32 | 2.9 | 39 (r3) | 111 (16) | 23 | 3.5 | 226 | 0% | 0 / 2 |
| 8 x 4 | 64 | 8 | 32 | 2.9 | 26 (r3) | 111 (16) | 23 | 3.5 | 239 | 0% | 0 / 2 |
| 16 x 1 | 8 | 1 | 16 | 5.8 | 81 (r1) | 174 (32) | 284 | 15.3 | 172 | 40% | 0 / 17 |
| 16 x 1 | 16 | 1 | 16 | 5.8 | 50 (r1) | 174 (32) | 284 | 15.3 | 203 | 29% | 0 / 17 |
| 16 x 1 | 32 | 1 | 16 | 5.8 | 35 (r1) | 174 (32) | 284 | 15.3 | 218 | 23% | 0 / 17 |
| 16 x 1 | 64 | 1 | 16 | 5.8 | 27 (r1) | 174 (32) | 284 | 15.3 | 226 | 20% | 0 / 17 |
| 16 x 1 | 8 | 2 | 16 | 5.8 | 77 (r1) | 174 (32) | 142 | 7.7 | 183 | 0% | 0 / 9 |
| 16 x 1 | 16 | 2 | 16 | 5.8 | 46 (r1) | 174 (32) | 142 | 7.7 | 214 | 0% | 0 / 9 |
| 16 x 1 | 32 | 2 | 16 | 5.8 | 31 (r1) | 174 (32) | 142 | 7.7 | 230 | 0% | 0 / 9 |
| 16 x 1 | 64 | 2 | 16 | 5.8 | 23 (r1) | 174 (32) | 142 | 7.7 | 238 | 0% | 0 / 9 |
| 16 x 1 | 8 | 8 | 16 | 5.8 | 74 (r1) | 174 (32) | 36 | 1.9 | 192 | 0% | 0 / 2 |
| 16 x 1 | 16 | 8 | 16 | 5.8 | 43 (r1) | 174 (32) | 36 | 1.9 | 223 | 0% | 0 / 2 |
| 16 x 1 | 32 | 8 | 16 | 5.8 | 28 (r1) | 174 (32) | 36 | 1.9 | 239 | 0% | 0 / 2 |
| 16 x 1 | 64 | 8 | 16 | 5.8 | 20 (r1) | 174 (32) | 36 | 1.9 | 246 | 0% | 0 / 2 |
| 16 x 2 | 8 | 1 | 32 | 2.9 | 82 (r3) | 135 (32) | 220 | 38.1 | 149 | 33% | 0 / 17 |
| 16 x 2 | 16 | 1 | 32 | 2.9 | 51 (r3) | 135 (32) | 220 | 38.1 | 180 | 19% | 0 / 17 |
| 16 x 2 | 32 | 1 | 32 | 2.9 | 35 (r3) | 135 (32) | 220 | 38.1 | 195 | 11% | 0 / 17 |
| 16 x 2 | 64 | 1 | 32 | 2.9 | 27 (r3) | 135 (32) | 220 | 38.1 | 203 | 8% | 0 / 17 |
| 16 x 2 | 8 | 2 | 32 | 2.9 | 77 (r3) | 135 (32) | 110 | 19.0 | 172 | 0% | 0 / 9 |
| 16 x 2 | 16 | 2 | 32 | 2.9 | 46 (r3) | 135 (32) | 110 | 19.0 | 203 | 0% | 0 / 9 |
| 16 x 2 | 32 | 2 | 32 | 2.9 | 31 (r3) | 135 (32) | 110 | 19.0 | 218 | 0% | 0 / 9 |
| 16 x 2 | 64 | 2 | 32 | 2.9 | 23 (r3) | 135 (32) | 110 | 19.0 | 226 | 0% | 0 / 9 |
| 16 x 2 | 8 | 8 | 32 | 2.9 | 74 (r3) | 135 (32) | 28 | 4.8 | 189 | 0% | 0 / 2 |
| 16 x 2 | 16 | 8 | 32 | 2.9 | 43 (r3) | 135 (32) | 28 | 4.8 | 220 | 0% | 0 / 2 |
| 16 x 2 | 32 | 8 | 32 | 2.9 | 28 (r3) | 135 (32) | 28 | 4.8 | 236 | 0% | 0 / 2 |
| 16 x 2 | 64 | 8 | 32 | 2.9 | 20 (r3) | 135 (32) | 28 | 4.8 | 244 | 0% | 0 / 2 |
| 32 x 1 | 8 | 1 | 32 | 2.9 | 57 (r3) | 183 (64) | 299 | 31.1 | 180 | 40% | 0 / 17 |
| 32 x 1 | 16 | 1 | 32 | 2.9 | 37 (r3) | 183 (64) | 299 | 31.1 | 200 | 33% | 0 / 17 |
| 32 x 1 | 32 | 1 | 32 | 2.9 | 26 (r3) | 183 (64) | 299 | 31.1 | 211 | 29% | 0 / 17 |
| 32 x 1 | 64 | 1 | 32 | 2.9 | 21 (r3) | 183 (64) | 299 | 31.1 | 216 | 28% | 0 / 17 |
| 32 x 1 | 8 | 2 | 32 | 2.9 | 55 (r3) | 183 (64) | 149 | 15.5 | 198 | 0% | 0 / 9 |
| 32 x 1 | 16 | 2 | 32 | 2.9 | 34 (r3) | 183 (64) | 149 | 15.5 | 218 | 0% | 0 / 9 |
| 32 x 1 | 32 | 2 | 32 | 2.9 | 24 (r3) | 183 (64) | 149 | 15.5 | 229 | 0% | 0 / 9 |
| 32 x 1 | 64 | 2 | 32 | 2.9 | 19 (r3) | 183 (64) | 149 | 15.5 | 234 | 0% | 0 / 9 |
| 32 x 1 | 8 | 8 | 32 | 2.9 | 53 (r3) | 183 (64) | 37 | 3.9 | 211 | 0% | 0 / 2 |
| 32 x 1 | 16 | 8 | 32 | 2.9 | 32 (r3) | 183 (64) | 37 | 3.9 | 232 | 0% | 0 / 2 |
| 32 x 1 | 32 | 8 | 32 | 2.9 | 22 (r3) | 183 (64) | 37 | 3.9 | 242 | 0% | 0 / 2 |
| 32 x 1 | 64 | 8 | 32 | 2.9 | 17 (r3) | 183 (64) | 37 | 3.9 | 247 | 0% | 0 / 2 |
